Canonical Form and Simplex Iterations:

    -8,000    -5,000     0,000     0,000     0,000
     1,000     1,000     1,000     0,000     6,000
     9,000     5,000     0,000     1,000    45,000


     0,000     0,000     1,250     0,750    41,250
     0,000     1,000     2,250    -0,250     2,250
     1,000     0,000    -1,250     0,250     3,750


     0,000     0,000     1,250     0,750     0,000    41,250
     0,000     1,000     2,250    -0,250     0,000     2,250
     1,000     0,000    -1,250     0,250     0,000     3,750
    -0,000    -0,000    -0,250    -0,750     1,000    -0,250


     0,000     0,000     1,000     0,000     1,000    41,000
     0,000     1,000     2,333     0,000    -0,333     2,333
     1,000     0,000    -1,333     0,000     0,333     3,667
     0,000     0,000     0,333     1,000    -1,333     0,333


     0,000     0,000     1,000     0,000     1,000     0,000    41,000
     0,000     1,000     2,333     0,000    -0,333     0,000     2,333
     1,000     0,000    -1,333     0,000     0,333     0,000     3,667
     0,000     0,000     0,333     1,000    -1,333     0,000     0,333
    -0,000    -0,000    -0,333    -0,000    -0,667     1,000    -0,333


     0,000     0,000     0,500     0,000     0,000     1,500    40,500
     0,000     1,000     2,500     0,000     0,000    -0,500     2,500
     1,000     0,000    -1,500     0,000     0,000     0,500     3,500
     0,000     0,000     1,000     1,000     0,000    -2,000     1,000
     0,000     0,000     0,500     0,000     1,000    -1,500     0,500


     0,000     0,000     0,500     0,000     0,000     1,500     0,000    40,500
     0,000     1,000     2,500     0,000     0,000    -0,500     0,000     2,500
     1,000     0,000    -1,500     0,000     0,000     0,500     0,000     3,500
     0,000     0,000     1,000     1,000     0,000    -2,000     0,000     1,000
     0,000     0,000     0,500     0,000     1,000    -1,500     0,000     0,500
    -0,000    -0,000    -0,500    -0,000    -0,000    -0,500     1,000    -0,500


     0,000     0,000     0,000     0,000     0,000     1,000     1,000    40,000
     0,000     1,000     0,000     0,000     0,000    -3,000     5,000     0,000
     1,000     0,000     0,000     0,000     0,000     2,000    -3,000     5,000
     0,000     0,000     0,000     1,000     0,000    -3,000     2,000     0,000
     0,000     0,000     0,000     0,000     1,000    -2,000     1,000     0,000
     0,000     0,000     1,000     0,000     0,000     1,000    -2,000     1,000

Optimal Solution: 40
